>> A=randi(5, 5, 9)
A =
     5     1     1     1     4     4     4     5     3
     5     2     5     3     1     4     1     4     2
     1     3     5     5     5     2     2     2     4
     5     5     3     4     5     4     1     5     4
     4     5     5     5     4     1     1     1     1
>> A=randi(9, 5, 5)
A =
     5     3     5     7     9
     5     7     9     3     5
     6     6     4     5     2
     7     2     6     7     2
     7     2     3     9     3
>> [L, U]=lu(A)
L =
    0.7143    0.2821    0.1290    1.0000         0
    0.7143    1.0000         0         0         0
    0.8571    0.7692    1.0000         0         0
    1.0000         0         0         0         0
    1.0000         0    0.6290    0.6659    1.0000
U =
    7.0000    2.0000    6.0000    7.0000    2.0000
         0    5.5714    4.7143   -2.0000    3.5714
         0         0   -4.7692    0.5385   -2.4615
         0         0         0    2.4946    6.8817
         0         0         0         0   -2.0345
>> [L, U, P]=lu(A)
L =
    1.0000         0         0         0         0
    0.7143    1.0000         0         0         0
    0.8571    0.7692    1.0000         0         0
    0.7143    0.2821    0.1290    1.0000         0
    1.0000         0    0.6290    0.6659    1.0000
U =
    7.0000    2.0000    6.0000    7.0000    2.0000
         0    5.5714    4.7143   -2.0000    3.5714
         0         0   -4.7692    0.5385   -2.4615
         0         0         0    2.4946    6.8817
         0         0         0         0   -2.0345
P =
     0     0     0     1     0
     0     1     0     0     0
     0     0     1     0     0
     1     0     0     0     0
     0     0     0     0     1
>> A=rand(5)
A =
    0.8407    0.3500    0.3517    0.2858    0.0759
    0.2543    0.1966    0.8308    0.7572    0.0540
    0.8143    0.2511    0.5853    0.7537    0.5308
    0.2435    0.6160    0.5497    0.3804    0.7792
    0.9293    0.4733    0.9172    0.5678    0.9340
>> A=sprand(5,5,0.2)
A =
  5×5 sparse double matrix (5 nonzeros)
   (1,1)       0.6020
   (2,1)       0.6541
   (3,2)       0.6892
   (1,3)       0.2630
   (3,4)       0.7482
>> whos
  Name      Size            Bytes  Class     Attributes

  A         5x5               128  double    sparse    
  L         5x5               200  double              
  P         5x5               200  double              
  U         5x5               200  double              

>> 